
ATLAM5 HSTNng WASHng NYCMng SNVAng KSCYng
ATLAng IPISng CHINng DNVRng STTLng LOSAng
1 [('ATLAM5', 'ATLAng'), 0.1666666669
2 ('ATLAng', 'HSTNng'),  0.2803030303
3 ('ATLAng', 'IPLSng'),  0.1666666666
4 ('ATLAng', 'WASHng'),  0.2045454545
5 ('CHINng', 'IPLSng'),  0.2045454545
6 ('CHINng', 'NYCMng'),  0.09848484848
7 ('DNVRng', 'KSCYng'),  0.2727272727
8 ('DNVRng', 'SNVAng'),  0.08383838383
9 ('DNVRng', 'STTLng'),  0.1136363636
10 ('HSTNng', 'KSCYng'),  0.1439393939
11 ('HSTNng', 'LOSAng'),  0.2121212121
12 ('IPLSng', 'KSCYng'),  0.2615151515
13 ('LOSAng', 'SNVAng'),  0.13636363636
14 ('NYCMng', 'WASHng'),  0.09848484848
15 ('SNVAng', 'STTLng')]  0.05303030303

边的邻接矩阵
A = [[0, 1, 1, 1, 0, 0, 0, 0, 0, 0, 0, 0, 0, 0, 0],
     [1, 0, 1, 1, 0, 0, 0, 0, 0, 1, 1, 0, 0, 0, 0],
     [1, 1, 0, 1, 1, 0, 0, 0, 0, 0, 0, 1, 0, 0, 0],
     [1, 1, 1, 0, 0, 0, 0, 0, 0, 0, 0, 0, 0, 1, 0],
     [0, 0, 1, 0, 0, 1, 0, 0, 0, 0, 0, 1, 0, 0, 0],
     [0, 0, 0, 0, 1, 0, 0, 0, 0, 0, 0, 0, 0, 1, 0],
     [0, 0, 0, 0, 0, 0, 0, 1, 1, 1, 0, 1, 0, 0, 0],
     [0, 0, 0, 0, 0, 0, 1, 0, 1, 0, 0, 0, 1, 0, 1],
     [0, 0, 0, 0, 0, 0, 1, 1, 0, 0, 0, 0, 0, 0, 1],
     [0, 1, 0, 0, 0, 0, 1, 0, 0, 0, 1, 1, 0, 0, 0],
     [0, 1, 0, 0, 0, 0, 0, 0, 0, 1, 0, 0, 1, 0, 0],
     [0, 0, 1, 0, 1, 0, 1, 0, 0, 1, 0, 0, 0, 0, 0],
     [0, 0, 0, 0, 0, 0, 0, 1, 0, 0, 1, 0, 0, 0, 1],
     [0, 0, 0, 1, 0, 1, 0, 0, 0, 0, 0, 0, 0, 0, 0],
     [0, 0, 0, 0, 0, 0, 0, 1, 1, 0, 0, 0, 1, 0, 0]]



